[1] "CEOSAL1"   "Exemplo04" "twoyear"  

Call:
lm(formula = salary ~ roe, data = CEOSAL1)

Residuals:
    Min      1Q  Median      3Q     Max 
-1160.2  -526.0  -254.0   138.8 13499.9 

Coefficients:
            Estimate Std. Error t value Pr(>|t|)    
(Intercept)   963.19     213.24   4.517 1.05e-05 ***
roe            18.50      11.12   1.663   0.0978 .  
---
Signif. codes:  0 ‘***’ 0.001 ‘**’ 0.01 ‘*’ 0.05 ‘.’ 0.1 ‘ ’ 1

Residual standard error: 1367 on 207 degrees of freedom
Multiple R-squared:  0.01319,	Adjusted R-squared:  0.008421 
F-statistic: 2.767 on 1 and 207 DF,  p-value: 0.09777

[1] "CEOSAL1"   "Exemplo02" "Exemplo04" "twoyear"  
 [1] "salary"   "pcsalary" "sales"    "roe"      "pcroe"    "ros"      "indus"    "finance"  "consprod"
[10] "utility"  "lsalary"  "lsales"  

Call:
lm(formula = lsalary ~ lsales + roe + finance + consprod + utility, 
    data = CEOSAL1)

Residuals:
     Min       1Q   Median       3Q      Max 
-1.09465 -0.22173 -0.01973  0.17141  2.64394 

Coefficients:
            Estimate Std. Error t value Pr(>|t|)    
(Intercept)  4.58810    0.29502  15.552  < 2e-16 ***
lsales       0.25719    0.03204   8.029 7.85e-14 ***
roe          0.01115    0.00430   2.594   0.0102 *  
finance      0.15796    0.08900   1.775   0.0774 .  
consprod     0.18089    0.08477   2.134   0.0340 *  
utility     -0.28300    0.09923  -2.852   0.0048 ** 
---
Signif. codes:  0 ‘***’ 0.001 ‘**’ 0.01 ‘*’ 0.05 ‘.’ 0.1 ‘ ’ 1

Residual standard error: 0.4598 on 203 degrees of freedom
Multiple R-squared:  0.3569,	Adjusted R-squared:  0.341 
F-statistic: 22.53 on 5 and 203 DF,  p-value: < 2.2e-16

  salary pcsalary   sales  roe pcroe ros indus finance consprod utility  lsalary    lsales   fitExA
1   1095       20 27595.0 14.1 106.4 191     1       0        0       0 6.998509 10.225389 7.375226
2   1001       32  9958.0 10.9 -30.6  13     1       0        0       0 6.908755  9.206132 7.077396
3   1122        9  6125.9 23.5 -16.3  14     1       0        0       0 7.022868  8.720281 7.092951
4    578       -9 16246.0  5.9 -25.7 -21     1       0        0       0 6.359574  9.695602 7.147525
5   1368        7 21783.2 13.8  -3.0  56     1       0        0       0 7.221105  9.988894 7.311056
6   1145        5  6021.4 20.0   1.0  55     1       0        0       0 7.043160  8.703075 7.049495
        resExA
1 -0.376716572
2 -0.168640929
3 -0.070082683
4 -0.787950947
5 -0.089950788
6 -0.006334716
    salary pcsalary   sales  roe pcroe ros indus finance consprod utility  lsalary    lsales   fitExA
1     1095       20 27595.0 14.1 106.4 191     1       0        0       0 6.998509 10.225389 7.375226
2     1001       32  9958.0 10.9 -30.6  13     1       0        0       0 6.908755  9.206132 7.077396
3     1122        9  6125.9 23.5 -16.3  14     1       0        0       0 7.022868  8.720281 7.092951
4      578       -9 16246.0  5.9 -25.7 -21     1       0        0       0 6.359574  9.695602 7.147525
5     1368        7 21783.2 13.8  -3.0  56     1       0        0       0 7.221105  9.988894 7.311056
6     1145        5  6021.4 20.0   1.0  55     1       0        0       0 7.043160  8.703075 7.049495
7     1078       10  2266.7 16.4  -5.9  62     1       0        0       0 6.982863  7.726080 6.758073
8     1094        7  2966.8 16.3  -1.6  44     1       0        0       0 6.997596  7.995239 6.826184
9     1237       16  4570.2 10.5 -70.2  37     1       0        0       0 7.120444  8.427312 6.872629
10     833        5  2830.0 26.3 -23.9  37     1       0        0       0 6.725034  7.948032 6.925560
11     567        7   596.8 25.9  39.5 109     1       0        0       0 6.340359  6.391582 6.520793
12     933       -3 19773.0 26.8 -26.8 -10     1       0        0       0 6.838405  9.892073 7.431127
13    1339       -9 40047.0 14.8  12.1  41     1       0        0       0 7.199678 10.597809 7.478815
14     937        9  2513.8 22.3   9.8  44     1       0        0       0 6.842683  7.829551 6.850480
15    2011       49  1580.6 56.3  62.2  63     1       0        0       0 7.606388  7.365560 7.110305
16    1585        4  6754.0 12.6   9.3  17     1       0        0       0 7.368340  8.817890 6.996501
17     905       12  1066.3 20.4  33.8 141     1       0        0       0 6.807935  6.971950 6.608724
18    1058       94  3199.9  1.9 -86.8 -15     1       0        0       0 6.964136  8.070875 6.685051
19     922       48  1452.7 19.9  97.3  56     1       0        0       0 6.826545  7.281179 6.682679
20    1220       -7  8995.0 15.4  19.5  28     1       0        0       0 7.106606  9.104424 7.101420
21    1022       16  1212.3 38.7 162.9  83     1       0        0       0 6.929517  7.100275 6.845805
22     759       12  2824.2 16.4  -9.4  21     1       0        0       0 6.632002  7.945981 6.814630
23    1414        0  7621.0 24.4 -30.2 -10     1       0        0       0 7.254178  8.938663 7.159153
24    1041      -11  4418.3 15.6  -7.5  74     1       0        0       0 6.947937  8.393510 6.920809
25    1688        1 12343.0 14.4 -16.8  15     1       0        0       0 7.431300  9.420844 7.171649
26    2983       13 57662.0 19.0   9.9  42     1       0        0       0 8.000685 10.962354 7.619411
27    1160        0  4319.7 16.1 -23.3  -2     1       0        0       0 7.056175  8.370941 6.920581
28    3844       61 20604.0 12.1  -5.9  18     1       0        0       0 8.254269  9.933241 7.277784
29     476        6   611.3 16.2 -15.7  40     1       0        0       0 6.165418  6.415588 6.418795
30    1492       10 12431.7 18.4 -23.3  58     1       0        0       0 7.307873  9.428005 7.218098
31    1024       -3  8169.0 14.2 -36.2 -10     1       0        0       0 6.931472  9.008101 7.063265
32    1593       18 20659.0 14.9 410.3  16     1       0        0       0 7.373374  9.935906 7.309695
33     427       27  3072.1 12.4 -17.7  61     1       0        0       0 6.056784  8.030117 6.791662
34     829        5  1669.1 17.1 -39.3  64     1       0        0       0 6.720220  7.420040 6.687168
35     797       -3  2401.2 16.9   6.0  39     1       0        0       0 6.680855  7.783724 6.778475
36     577       23  3043.6 18.1 -13.5   1     1       0        0       0 6.357842  8.020797 6.852830
37    1342        7  6222.2 10.9  -6.0  59     1       0        0       0 7.201916  8.735879 6.956451
38    1774        0  7727.9 19.3  15.3  19     1       0        0       0 7.480992  8.952593 7.105862
39     709       11   719.5 18.3   4.6  65     1       0        0       0 6.563856  6.578557 6.484128
40     860       28  3921.3 18.4  34.7  45     1       0        0       0 6.756932  8.274179 6.921343
41    1336       20  5155.1 13.8   1.7   7     1       0        0       0 7.197435  8.547742 6.940403
42     516       -2   649.2 13.7 -10.3  27     1       0        0       0 6.246107  6.475741 6.406387
43     931       20 10885.0 12.7  14.5  10     1       0        0       0 6.836259  9.295141 7.120361
44     815       12  1651.9 15.1  -2.4  33     1       0        0       0 6.703188  7.409681 6.662201
45    1681       20 12915.0 16.5 -66.7  29     1       0        0       0 7.427144  9.466145 7.206719
46     568      -36 11436.0 10.2 -48.3 -19     1       0        0       0 6.342122  9.344522 7.105182
47     775        7  2210.3 19.6  18.9  34     1       0        0       0 6.652863  7.700883 6.787278
48    1188        9  3737.8 12.8  32.5  15     1       0        0       0 7.080027  8.226253 6.846567
49     782       -1  1976.7 15.9  -0.6  24     1       0        0       0 6.661855  7.589184 6.717289
50    1170        0  2576.0 17.3 -39.1  93     1       0        0       0 7.064759  7.853993 6.801008
51    1469        8  6309.1  8.5  93.9  79     1       0        0       0 7.292337  8.749748 6.933253
52     916       -1  2940.5 16.4  25.8 105     1       0        0       0 6.820016  7.986335 6.825009
53    1070       -9  1072.6 19.5  34.8 269     1       0        0       0 6.975414  6.977841 6.600203
54     894        1  1534.0 19.2  -3.7  74     1       0        0       0 6.795706  7.335634 6.688879
55     829       -4  2158.8 15.9 -27.6 -18     1       0        0       0 6.720220  7.677308 6.739954
56     780       17  1736.0 19.9  50.7  23     1       0        0       0 6.659294  7.459339 6.728501
57    2327       10  3598.8 28.1 -28.3 104     1       0        0       0 7.752335  8.188355 7.007442
58     717       20  1413.6 25.0 -15.8  56     1       0        0       0 6.575076  7.253895 6.732536
59    1368        9 13538.0 15.0  -8.8 -43     1       0        0       0 7.221105  9.513256 7.202108
60    2028      185 69018.0 12.6   2.3  10     1       0        0       0 7.614805 11.142122 7.594274
61    1195        2  6285.0 20.3   6.3  49     1       0        0       0 7.085901  8.745921 7.063860
62     256       19   526.3 22.7  24.7 175     1       0        0       0 5.545177  6.265872 6.452776
63     775      -10  3195.6 14.8 -32.6  12     1       0        0       0 6.652863  8.069530 6.828563
64    1407       80  2762.8 13.2 -17.4  28     1       0        0       0 7.249215  7.924000 6.773291
65     543       14  1873.1 10.3 -45.0 -58     1       0        0       0 6.297109  7.535350 6.640993
66     874      -10  4648.1 17.7 -13.9  -6     1       0        0       0 6.773080  8.444214 6.957269
67    1287       -3 16951.0 10.0  -1.0 -21     1       0        0       0 7.160069  9.738082 7.204172
68    1248       16  3506.9 15.6   5.0  54     0       1        0       0 7.129298  8.162488 7.019349
69     875      -19  5333.1  6.8  27.6  -8     0       1        0       0 6.774224  8.581688 7.029028
70     925       -3  3296.2 12.4 -56.9 -21     0       1        0       0 6.829794  8.100526 6.967727
71     798       -6  2584.0 13.1 -50.5  10     0       1        0       0 6.682108  7.857094 6.912925
72     760       14   834.4 15.8   3.0  55     0       1        0       0 6.633318  6.726713 6.652310
73     600      -41  4068.7 12.8 -32.0  -6     0       1        0       0 6.396930  8.311079 7.026340
74     991       18  2518.6 15.3  13.3  65     0       1        0       0 6.898715  7.831459 6.930865
75    1570       14 10465.0  0.5 977.0  36     0       1        0       0 7.358831  9.255792 7.132146
76     911        1  2682.4 16.5  31.5  23     0       1        0       0 6.814543  7.894467 6.960453
77    1360       12  2688.2 15.1  23.0  67     0       1        0       0 7.215240  7.896627 6.945396
78     700      -53  6682.3 13.0   5.8  53     0       1        0       0 6.551080  8.807218 7.156173
79     741      -50  4879.9 11.1 -77.7 -26     0       1        0       0 6.608001  8.492880 7.054140
80    1097      143  2772.1  8.9 595.6  20     0       1        0       0 7.000334  7.927361 6.884159
81     953       15  1320.4 17.5  -4.3  83     0       1        0       0 6.859615  7.185690 6.789313
82     441       -7  3408.5 15.9 -10.0  37     0       1        0       0 6.089045  8.134027 7.015374
83     595       18  1919.7 14.2  31.4  61     0       1        0       0 6.388561  7.559924 6.848762
84    1067        1 19020.5  9.3 -37.8   4     0       1        0       0 6.972606  9.853272 7.383949
85    1298        3  4778.3  9.5 -26.7  -2     0       1        0       0 7.168580  8.471840 7.030886
86    1798      -31 24332.0 15.5 -59.5   2     0       1        0       0 7.494430 10.099547 7.516429
87    4143      -10  2678.4 14.4 -12.8  42     0       1        0       0 8.329175  7.892975 6.936650
88    1336        8  4481.0 11.1  10.8  15     0       1        0       0 7.197435  8.407601 7.032207
89    1750       11 14932.1 15.9  -7.8  62     0       1        0       0 7.467371  9.611268 7.395309
90     912       15  2626.4 16.4   0.3  70     0       1        0       0 6.815640  7.873369 6.953911
91    1892      -16  2659.5  8.6  -1.4 126     0       1        0       0 7.545390  7.885893 6.870149
92     833       19  1073.2 24.6  14.4  51     0       1        0       0 6.725034  6.978400 6.815177
93    1142      -12  2577.3 15.4 -22.4  56     0       1        0       0 7.040536  7.854497 6.937906
94    1159       13  4293.8 16.9   2.6 107     0       1        0       0 7.055313  8.364927 7.085912
95    1283       16 18164.0  7.2 -47.3  14     0       1        0       0 7.156956  9.807197 7.348680
96    2109       42  9944.4 11.6 -42.2  23     0       1        0       0 7.653969  9.204765 7.242807
97    1039      -21 12719.0 26.4  43.4 264     0       1        0       0 6.946014  9.450852 7.471144
98     992       42  1931.6 21.4  -9.2  52     0       1        0       0 6.899723  7.566104 6.930644
99    1253        4  2993.2 19.2   1.9  74     0       1        0       0 7.133296  8.004098 7.018758
100    721        9  2127.2 15.1 -22.3 101     0       1        0       0 6.580639  7.662562 6.885196
101   1351        4  4211.9  9.0 -18.0  -4     0       1        0       0 7.208601  8.345669 6.992860
102   1391       25  8489.6  9.4 -27.3  26     0       1        0       0 7.237778  9.046597 7.177594
103   1245       25 12222.8 19.0 -20.9  52     0       1        0       0 7.126891  9.411058 7.378387
104   1550        0 11213.4  3.5 -55.4   6     0       1        0       0 7.346010  9.324864 7.183366
105   2150      -61  5869.6 22.1 -38.0  68     0       1        0       0 7.673223  8.677542 7.224303
106   1846       20  6193.8 10.9 -14.7   6     0       1        0       0 7.520776  8.731304 7.113230
107    573        8  3053.2 15.1  -3.8  31     0       1        0       0 6.350886  8.023946 6.978141
108   6640        4  8946.0 10.2  87.6  34     0       1        0       0 8.800867  9.098962 7.199983
109    959       49  4045.2 17.3  -7.8  51     0       1        0       0 6.865891  8.305286 7.075033
110    612       39  3618.9 33.3 -10.5  68     0       1        0       0 6.416732  8.193925 7.224820
111   1820       69  1796.1 22.8  12.7 115     0       1        0       0 7.506592  7.493373 6.927550
112   1411        2  6703.1 11.1 -37.2  28     0       1        0       0 7.252054  8.810326 7.135784
113   1026        6  2170.3 12.4 134.6 162     0       1        0       0 6.933423  7.682621 6.860245
114   1287      -12  4674.0 20.9  84.2 -47     0       0        0       1 7.160069  8.449771 6.711382
115    800      162  3372.0  6.7  29.0  60     0       0        0       1 6.684612  8.123261 6.469052
116   1115       -9  8205.0  7.1  13.9  23     0       0        0       1 7.016610  9.012499 6.702217
117   1631       33  4617.0 11.8 227.0  75     0       0        0       1 7.396949  8.437500 6.606745
118   1910       23  6964.0 14.0   2.7  43     0       0        0       1 7.554859  8.848509 6.736987
119    996       -3  6623.0 10.1 -63.6  10     0       0        1       0 6.903747  8.798304 7.144476
120    918      -35 29797.0  6.4 -95.0 -28     0       0        1       0 6.822197 10.302163 7.489995
121   1261       21  5225.5 12.4 -54.9   1     0       0        1       0 7.139660  8.561306 7.109171
122   1053       -8  3639.0 17.6 -22.3   5     0       0        1       0 6.959399  8.199464 7.074097
123   1221      -43 97649.9 15.1 -85.2  -7     0       0        1       0 7.107426 11.489144 7.892297
124   1738       19 10743.6 23.6  11.5  36     0       0        1       0 7.460490  9.282065 7.419444
125   3142       15 10236.3 35.7  27.2 155     0       0        1       0 8.052615  9.233695 7.541940
126   1900       26 17802.7 23.2  -7.8 142     0       0        1       0 7.549609  9.787106 7.544876
127    427       21  6158.7 12.4 -17.7  95     0       0        1       0 6.056784  8.725621 7.151432
128   1700        8  6775.2 44.4  37.7  61     0       0        1       0 7.438384  8.821024 7.532824
129    360      103   298.7  2.1  23.1 302     0       0        1       0 5.886104  5.699440 6.258260
130    459        9   785.3 18.4 -43.1   5     0       0        1       0 6.129050  6.666066 6.688642
131   1340        5  1368.6 16.1  12.6 115     0       0        1       0 7.200425  7.221544 6.805857
132    729       25  2066.1 15.1  -8.4  52     0       0        1       0 6.591674  7.633418 6.900636
133    223       -6   181.5 22.7  32.6 295     0       0        1       0 5.407172  5.201256 6.359857
134   2101       25 10300.0 23.4  46.9  76     0       0        1       0 7.650169  9.239900 7.406369
135   1082       28 11232.0 25.7  -2.4 101     0       0        1       0 6.986567  9.326522 7.454297
136   1781       31  5191.6 27.0 141.0  98     0       0        1       0 7.484931  8.554797 7.270313
137    791       18   976.7 19.9 -13.2  89     0       0        1       0 6.673298  6.884180 6.761466
138   2092      -11  7671.5 43.7   8.5  80     0       0        1       0 7.645876  8.945268 7.556973
139   1573       10  6406.0 16.4 -11.5  87     0       0        1       0 7.360740  8.764991 7.206164
140   1045        9  2917.4 11.6 -98.9 203     0       0        1       0 6.951772  7.978448 6.950344
141   1694       12  3322.9 24.8  23.9 100     0       0        1       0 7.434848  8.108593 7.131019
142    453       20   175.2 26.2  35.6 418     0       0        1       0 6.115892  5.165928 6.389802
143   1130        1  1686.3 44.5   3.4  99     0       0        1       0 7.029973  7.430292 7.176255
144   1334       13   514.1 22.3  62.4 358     0       0        1       0 7.195937  6.242418 6.623175
145   1344       13  3032.7 22.3  62.4  36     0       0        1       0 7.203405  8.017208 7.079636
146   1585        5  4686.9 35.1   2.2 111     0       0        1       0 7.368340  8.452527 7.334339
147   1946       45  8388.1 13.1   5.9  88     0       0        1       0 7.573531  9.034570 7.238697
148   1619        9  7632.8 11.0  22.6  32     0       0        1       0 7.389564  8.940210 7.191010
149   1620       12 17453.8 19.4 -12.8 128     0       0        1       0 7.390182  9.767313 7.497408
150    967      -27  5781.1 28.5 -11.0 119     0       0        1       0 6.874198  8.662350 7.314702
151   1431        0  6896.2 43.9   3.5 110     0       0        1       0 7.266129  8.838726 7.531801
152   1231        9  6503.1 26.8  19.8  84     0       0        1       0 7.115582  8.780034 7.326011
153    770       -4  2715.6 15.7  -2.5  63     0       0        1       0 6.646390  7.906768 6.977630
154   1594       53  2761.9 15.0  27.8  85     0       0        1       0 7.374002  7.923674 6.974172
155   1568       47  5181.4 28.2 -19.1  55     0       0        1       0 7.357556  8.552831 7.283189
156    995       15  1323.0 15.4  74.6 195     0       0        1       0 6.902743  7.187657 6.789335
157   1077      -16  5296.0 20.0  27.5  36     0       0        1       0 6.981935  8.574707 7.197371
158   1161        9  7177.0 42.2  -2.8  68     0       0        1       0 7.057037  8.878636 7.523108
159   1401        1 12183.5 19.6  -2.1  93     0       0        1       0 7.244942  9.407838 7.407185
160   1127        4  7863.5 16.2  26.0 152     0       0        1       0 7.027315  8.969987 7.256657
161   3068      -14  3825.6 21.5 -27.6 142     0       0        1       0 8.028781  8.249471 7.130451
162    730        7  1110.6 29.5  20.5  60     0       0        1       0 6.593045  7.012656 6.901566
163    729      -10  1391.3 22.6 -17.2  32     0       0        1       0 6.591674  7.237994 6.882574
164  11233       17  6047.9 22.9   9.9  74     0       0        1       0 9.326612  8.707466 7.263856
165    949      -11 18908.0 13.0 -46.7  -3     0       0        1       0 6.855409  9.847341 7.446620
166   3646      -11  3921.5  7.8 -64.2  29     0       0        1       0 8.201385  8.274229 6.984039
167   1502      212  3453.8 48.1  35.1  28     0       0        1       0 7.314553  8.147230 7.400792
168    807       10  1558.5 18.0  -1.0  49     0       0        1       0 6.693324  7.351479 6.860463
169    713        8   962.8 18.0   7.6  81     0       0        1       0 6.569481  6.869846 6.736591
170   1489        0 25848.0 21.7 380.6 114     0       0        1       0 7.305860 10.159988 7.624050
171    736       73   631.5 21.3  60.8  71     0       0        1       0 6.601230  6.448098 6.664922
172   1226       53  1728.9 26.9  -7.1  84     0       0        1       0 7.111512  7.455241 6.986401
173    543      112  2669.3 30.5  24.9 323     0       0        1       0 6.297109  7.889572 7.138253
174  14822        1  2159.2 19.4 -37.3  17     0       0        1       0 9.603868  7.677493 6.959924
175    890      -18  2612.6 15.6 -49.0 -14     0       0        1       0 6.791222  7.868101 6.966570
176   1627        6  8270.3 19.4  -3.7 104     0       0        1       0 7.394493  9.020426 7.305315
177   2408       28 44323.0 29.1   9.8 160     0       0        1       0 7.786552 10.699259 7.845269
178   2248        6   764.7 40.8  44.4 191     0       0        1       0 7.717796  6.639483 6.931604
179    787       20  5167.5 13.7  -4.0  34     0       0        0       1 6.668228  8.550144 6.656905
180    474       -5  2159.3 11.1 -58.2  16     0       0        0       1 6.161207  7.677539 6.403483
181    439        7  2617.1 10.8 -16.1  65     0       0        0       1 6.084499  7.869822 6.449591
182    465       11  2367.7  5.1 -25.0  43     0       0        0       1 6.142037  7.769674 6.360269
183    594       33  2744.0 12.3 -12.2  76     0       0        0       1 6.386879  7.917172 6.478497
184    688       -6  2357.9  7.4  -9.7  33     0       0        0       1 6.533789  7.765527 6.384851
185    607       12  5262.0  6.2 -94.8  59     0       0        0       1 6.408529  8.568267 6.577927
186    634       44  5738.9 12.7  -7.0  38     0       0        0       1 6.452049  8.655023 6.672727
187    532        2  2714.9 10.6 -21.2  35     0       0        0       1 6.276643  7.906510 6.456797
188    441       39  3306.7  7.4  13.0 150     0       0        0       1 6.089045  8.103706 6.471828
189    694       18  3532.5 12.6 -13.8  37     0       0        0       1 6.542472  8.169761 6.546806
190    520       -6  3681.5 12.8  -7.7  64     0       0        0       1 6.253829  8.211076 6.559662
191    757       12  3982.1  2.9  45.4 197     0       0        0       1 6.629363  8.289565 6.469447
192    668       30  2996.0 13.5  -3.3  81     0       0        0       1 6.504288  8.005033 6.514476
193    803       18  4178.6 10.7 -29.9  52     0       0        0       1 6.688354  8.337731 6.568818
194    500        3  2616.3 11.9  -1.3  25     0       0        0       1 6.214608  7.869516 6.461780
195    552       -5  2064.5 12.9 -16.8  37     0       0        0       1 6.313548  7.632643 6.412009
196    412       -5  2225.5 10.1 -27.4  13     0       0        0       1 6.021023  7.707737 6.400098
197   1100       58  9470.1  7.3  76.6  82     0       0        0       1 7.003066  9.155894 6.741327
198    959       26  3783.2 14.6   5.0  65     0       0        0       1 6.865891  8.238325 6.586744
199    333       34  2388.7 13.8   6.5  59     0       0        0       1 5.808143  7.778504 6.459560
200    503      -19  3705.2  8.9 -96.8  29     0       0        0       1 6.220590  8.217492 6.517821
201    448       -8  1411.7 14.0 -33.5  14     0       0        0       1 6.104793  7.252550 6.326520
202    732        7  4800.1 12.9 -11.2  36     0       0        0       1 6.595780  8.476392 6.629015
203    720        8  1771.9 14.5  13.6  78     0       0        0       1 6.579251  7.479808 6.390544
204    808      -16  7198.5 14.7   7.4  49     0       0        0       1 6.694562  8.881628 6.753311
205    930       10  1509.1  9.0  20.5 131     0       0        0       1 6.835185  7.319269 6.287920
206    525        3  1097.1 15.5  20.1  72     0       0        0       1 6.263398  7.000426 6.278403
207    658       32  4542.6 12.1  -7.8  68     0       0        0       1 6.489205  8.421255 6.605913
208    555        6  2023.0 13.7 -14.6  60     0       0        0       1 6.318968  7.612337 6.415708
209    626        0  1442.5 14.4 -10.2  62     0       0        0       1 6.439351  7.274133 6.336531
          resExA
1   -0.376716572
2   -0.168640929
3   -0.070082683
4   -0.787950947
5   -0.089950788
6   -0.006334716
7    0.224789611
8    0.171412197
9    0.247815320
10  -0.200525964
11  -0.180433760
12  -0.592721699
13  -0.279136962
14  -0.007797043
15   0.496082535
16   0.371838381
17   0.199210534
18   0.279084282
19   0.143865766
20   0.005185706
21   0.083711568
22  -0.182627960
23   0.095024623
24   0.027127721
25   0.259650625
26   0.381274087
27   0.135594551
28   0.976484367
29  -0.253377478
30   0.089774934
31  -0.131792897
32   0.063679749
33  -0.734877902
34   0.033051676
35  -0.097619825
36  -0.494987486
37   0.245465649
38   0.375130046
39   0.079727659
40  -0.164410877
41   0.257032032
42  -0.160280002
43  -0.284101990
44   0.040987102
45   0.220425405
46  -0.763060591
47  -0.134415446
48   0.233459429
49  -0.055434043
50   0.263751303
51   0.359083496
52  -0.004992233
53   0.375211064
54   0.106827208
55  -0.019733411
56  -0.069206551
57   0.744892958
58  -0.157460506
59   0.018997383
60   0.020530761
61   0.022041500
62  -0.907598233
63  -0.175700045
64   0.475924150
65  -0.343884230
66  -0.184188267
67  -0.044103344
68   0.109948974
69  -0.254804337
70  -0.137933081
71  -0.230816129
72  -0.018991137
73  -0.629410512
74  -0.032150658
75   0.226684884
76  -0.145909865
77   0.269844379
78  -0.605093117
79  -0.446139204
80   0.116175059
81   0.070302168
82  -0.926329421
83  -0.460200609
84  -0.411342364
85   0.137694201
86  -0.021999197
87   1.392524893
88   0.165228349
89   0.072062445
90  -0.138271217
91   0.675240983
92  -0.090143135
93   0.102630629
94  -0.030599107
95  -0.191723355
96   0.411162396
97  -0.525130384
98  -0.030920781
99   0.114537570
100 -0.304556661
101  0.215740709
102  0.060184610
103 -0.251496044
104  0.162643987
105  0.448920330
106  0.407545910
107 -0.627255114
108  1.600884425
109 -0.209142313
110 -0.808087683
111  0.579041338
112  0.116269352
113  0.073177832
114  0.448687031
115  0.215560194
116  0.314392849
117  0.790203735
118  0.817871684
119 -0.240728943
120 -0.667797367
121  0.030489150
122 -0.114698744
123 -0.784871085
124  0.041046073
125  0.510675320
126  0.004733565
127 -1.094647574
128 -0.094440883
129 -0.372155804
130 -0.559591284
131  0.394567765
132 -0.308961975
133 -0.952685331
134  0.243799785
135 -0.467730124
136  0.214617804
137 -0.088168371
138  0.088903238
139  0.154575459
140  0.001428680
141  0.303829006
142 -0.273910316
143 -0.146281853
144  0.572762543
145  0.123769361
146  0.034000721
147  0.334834184
148  0.198554203
149 -0.107226942
150 -0.440503518
151 -0.265672406
152 -0.210429432
153 -0.331239854
154  0.399829880
155  0.074367288
156  0.113407498
157 -0.215436582
158 -0.466071171
159 -0.162243094
160 -0.229342556
161  0.898330282
162 -0.308521280
163 -0.290900201
164  2.062755783
165 -0.591211068
166  1.217346143
167 -0.086238911
168 -0.167139888
169 -0.167110049
170 -0.318190343
171 -0.063691891
172  0.125111490
173 -0.841144194
174  2.643943469
175 -0.175348620
176  0.089177841
177 -0.058717255
178  0.786192379
179  0.011323597
180 -0.242276056
181 -0.365091886
182 -0.218231721
183 -0.091617433
184  0.148937257
185 -0.169398643
186 -0.220677891
187 -0.180153556
188 -0.382783374
189 -0.004334258
190 -0.305833386
191  0.159916173
192 -0.010188038
193  0.119536009
194 -0.247171357
195 -0.098461391
196 -0.379074812
197  0.261738295
198  0.279147139
199 -0.651417679
200 -0.297230677
201 -0.221726528
202 -0.033234271
203  0.188707005
204 -0.058749248
205  0.547264245
206 -0.015004760
207 -0.116707671
208 -0.096739897
209  0.102819320
    salary pcsalary   sales  roe pcroe ros indus finance consprod utility  lsalary    lsales   fitExA       resExA
1     1095       20 27595.0 14.1 106.4 191     1       0        0       0 6.998509 10.225389 7.375226 -0.376716572
2     1001       32  9958.0 10.9 -30.6  13     1       0        0       0 6.908755  9.206132 7.077396 -0.168640929
3     1122        9  6125.9 23.5 -16.3  14     1       0        0       0 7.022868  8.720281 7.092951 -0.070082683
4      578       -9 16246.0  5.9 -25.7 -21     1       0        0       0 6.359574  9.695602 7.147525 -0.787950947
5     1368        7 21783.2 13.8  -3.0  56     1       0        0       0 7.221105  9.988894 7.311056 -0.089950788
6     1145        5  6021.4 20.0   1.0  55     1       0        0       0 7.043160  8.703075 7.049495 -0.006334716
7     1078       10  2266.7 16.4  -5.9  62     1       0        0       0 6.982863  7.726080 6.758073  0.224789611
8     1094        7  2966.8 16.3  -1.6  44     1       0        0       0 6.997596  7.995239 6.826184  0.171412197
9     1237       16  4570.2 10.5 -70.2  37     1       0        0       0 7.120444  8.427312 6.872629  0.247815320
10     833        5  2830.0 26.3 -23.9  37     1       0        0       0 6.725034  7.948032 6.925560 -0.200525964
11     567        7   596.8 25.9  39.5 109     1       0        0       0 6.340359  6.391582 6.520793 -0.180433760
12     933       -3 19773.0 26.8 -26.8 -10     1       0        0       0 6.838405  9.892073 7.431127 -0.592721699
13    1339       -9 40047.0 14.8  12.1  41     1       0        0       0 7.199678 10.597809 7.478815 -0.279136962
14     937        9  2513.8 22.3   9.8  44     1       0        0       0 6.842683  7.829551 6.850480 -0.007797043
15    2011       49  1580.6 56.3  62.2  63     1       0        0       0 7.606388  7.365560 7.110305  0.496082535
16    1585        4  6754.0 12.6   9.3  17     1       0        0       0 7.368340  8.817890 6.996501  0.371838381
17     905       12  1066.3 20.4  33.8 141     1       0        0       0 6.807935  6.971950 6.608724  0.199210534
18    1058       94  3199.9  1.9 -86.8 -15     1       0        0       0 6.964136  8.070875 6.685051  0.279084282
19     922       48  1452.7 19.9  97.3  56     1       0        0       0 6.826545  7.281179 6.682679  0.143865766
20    1220       -7  8995.0 15.4  19.5  28     1       0        0       0 7.106606  9.104424 7.101420  0.005185706
21    1022       16  1212.3 38.7 162.9  83     1       0        0       0 6.929517  7.100275 6.845805  0.083711568
22     759       12  2824.2 16.4  -9.4  21     1       0        0       0 6.632002  7.945981 6.814630 -0.182627960
23    1414        0  7621.0 24.4 -30.2 -10     1       0        0       0 7.254178  8.938663 7.159153  0.095024623
24    1041      -11  4418.3 15.6  -7.5  74     1       0        0       0 6.947937  8.393510 6.920809  0.027127721
25    1688        1 12343.0 14.4 -16.8  15     1       0        0       0 7.431300  9.420844 7.171649  0.259650625
26    2983       13 57662.0 19.0   9.9  42     1       0        0       0 8.000685 10.962354 7.619411  0.381274087
27    1160        0  4319.7 16.1 -23.3  -2     1       0        0       0 7.056175  8.370941 6.920581  0.135594551
28    3844       61 20604.0 12.1  -5.9  18     1       0        0       0 8.254269  9.933241 7.277784  0.976484367
29     476        6   611.3 16.2 -15.7  40     1       0        0       0 6.165418  6.415588 6.418795 -0.253377478
30    1492       10 12431.7 18.4 -23.3  58     1       0        0       0 7.307873  9.428005 7.218098  0.089774934
31    1024       -3  8169.0 14.2 -36.2 -10     1       0        0       0 6.931472  9.008101 7.063265 -0.131792897
32    1593       18 20659.0 14.9 410.3  16     1       0        0       0 7.373374  9.935906 7.309695  0.063679749
33     427       27  3072.1 12.4 -17.7  61     1       0        0       0 6.056784  8.030117 6.791662 -0.734877902
34     829        5  1669.1 17.1 -39.3  64     1       0        0       0 6.720220  7.420040 6.687168  0.033051676
35     797       -3  2401.2 16.9   6.0  39     1       0        0       0 6.680855  7.783724 6.778475 -0.097619825
36     577       23  3043.6 18.1 -13.5   1     1       0        0       0 6.357842  8.020797 6.852830 -0.494987486
37    1342        7  6222.2 10.9  -6.0  59     1       0        0       0 7.201916  8.735879 6.956451  0.245465649
38    1774        0  7727.9 19.3  15.3  19     1       0        0       0 7.480992  8.952593 7.105862  0.375130046
39     709       11   719.5 18.3   4.6  65     1       0        0       0 6.563856  6.578557 6.484128  0.079727659
40     860       28  3921.3 18.4  34.7  45     1       0        0       0 6.756932  8.274179 6.921343 -0.164410877
41    1336       20  5155.1 13.8   1.7   7     1       0        0       0 7.197435  8.547742 6.940403  0.257032032
42     516       -2   649.2 13.7 -10.3  27     1       0        0       0 6.246107  6.475741 6.406387 -0.160280002
43     931       20 10885.0 12.7  14.5  10     1       0        0       0 6.836259  9.295141 7.120361 -0.284101990
44     815       12  1651.9 15.1  -2.4  33     1       0        0       0 6.703188  7.409681 6.662201  0.040987102
45    1681       20 12915.0 16.5 -66.7  29     1       0        0       0 7.427144  9.466145 7.206719  0.220425405
46     568      -36 11436.0 10.2 -48.3 -19     1       0        0       0 6.342122  9.344522 7.105182 -0.763060591
47     775        7  2210.3 19.6  18.9  34     1       0        0       0 6.652863  7.700883 6.787278 -0.134415446
48    1188        9  3737.8 12.8  32.5  15     1       0        0       0 7.080027  8.226253 6.846567  0.233459429
49     782       -1  1976.7 15.9  -0.6  24     1       0        0       0 6.661855  7.589184 6.717289 -0.055434043
50    1170        0  2576.0 17.3 -39.1  93     1       0        0       0 7.064759  7.853993 6.801008  0.263751303
51    1469        8  6309.1  8.5  93.9  79     1       0        0       0 7.292337  8.749748 6.933253  0.359083496
52     916       -1  2940.5 16.4  25.8 105     1       0        0       0 6.820016  7.986335 6.825009 -0.004992233
53    1070       -9  1072.6 19.5  34.8 269     1       0        0       0 6.975414  6.977841 6.600203  0.375211064
54     894        1  1534.0 19.2  -3.7  74     1       0        0       0 6.795706  7.335634 6.688879  0.106827208
55     829       -4  2158.8 15.9 -27.6 -18     1       0        0       0 6.720220  7.677308 6.739954 -0.019733411
56     780       17  1736.0 19.9  50.7  23     1       0        0       0 6.659294  7.459339 6.728501 -0.069206551
57    2327       10  3598.8 28.1 -28.3 104     1       0        0       0 7.752335  8.188355 7.007442  0.744892958
58     717       20  1413.6 25.0 -15.8  56     1       0        0       0 6.575076  7.253895 6.732536 -0.157460506
59    1368        9 13538.0 15.0  -8.8 -43     1       0        0       0 7.221105  9.513256 7.202108  0.018997383
60    2028      185 69018.0 12.6   2.3  10     1       0        0       0 7.614805 11.142122 7.594274  0.020530761
61    1195        2  6285.0 20.3   6.3  49     1       0        0       0 7.085901  8.745921 7.063860  0.022041500
62     256       19   526.3 22.7  24.7 175     1       0        0       0 5.545177  6.265872 6.452776 -0.907598233
63     775      -10  3195.6 14.8 -32.6  12     1       0        0       0 6.652863  8.069530 6.828563 -0.175700045
64    1407       80  2762.8 13.2 -17.4  28     1       0        0       0 7.249215  7.924000 6.773291  0.475924150
65     543       14  1873.1 10.3 -45.0 -58     1       0        0       0 6.297109  7.535350 6.640993 -0.343884230
66     874      -10  4648.1 17.7 -13.9  -6     1       0        0       0 6.773080  8.444214 6.957269 -0.184188267
67    1287       -3 16951.0 10.0  -1.0 -21     1       0        0       0 7.160069  9.738082 7.204172 -0.044103344
68    1248       16  3506.9 15.6   5.0  54     0       1        0       0 7.129298  8.162488 7.019349  0.109948974
69     875      -19  5333.1  6.8  27.6  -8     0       1        0       0 6.774224  8.581688 7.029028 -0.254804337
70     925       -3  3296.2 12.4 -56.9 -21     0       1        0       0 6.829794  8.100526 6.967727 -0.137933081
71     798       -6  2584.0 13.1 -50.5  10     0       1        0       0 6.682108  7.857094 6.912925 -0.230816129
72     760       14   834.4 15.8   3.0  55     0       1        0       0 6.633318  6.726713 6.652310 -0.018991137
73     600      -41  4068.7 12.8 -32.0  -6     0       1        0       0 6.396930  8.311079 7.026340 -0.629410512
74     991       18  2518.6 15.3  13.3  65     0       1        0       0 6.898715  7.831459 6.930865 -0.032150658
75    1570       14 10465.0  0.5 977.0  36     0       1        0       0 7.358831  9.255792 7.132146  0.226684884
76     911        1  2682.4 16.5  31.5  23     0       1        0       0 6.814543  7.894467 6.960453 -0.145909865
77    1360       12  2688.2 15.1  23.0  67     0       1        0       0 7.215240  7.896627 6.945396  0.269844379
78     700      -53  6682.3 13.0   5.8  53     0       1        0       0 6.551080  8.807218 7.156173 -0.605093117
79     741      -50  4879.9 11.1 -77.7 -26     0       1        0       0 6.608001  8.492880 7.054140 -0.446139204
80    1097      143  2772.1  8.9 595.6  20     0       1        0       0 7.000334  7.927361 6.884159  0.116175059
81     953       15  1320.4 17.5  -4.3  83     0       1        0       0 6.859615  7.185690 6.789313  0.070302168
82     441       -7  3408.5 15.9 -10.0  37     0       1        0       0 6.089045  8.134027 7.015374 -0.926329421
83     595       18  1919.7 14.2  31.4  61     0       1        0       0 6.388561  7.559924 6.848762 -0.460200609
84    1067        1 19020.5  9.3 -37.8   4     0       1        0       0 6.972606  9.853272 7.383949 -0.411342364
85    1298        3  4778.3  9.5 -26.7  -2     0       1        0       0 7.168580  8.471840 7.030886  0.137694201
86    1798      -31 24332.0 15.5 -59.5   2     0       1        0       0 7.494430 10.099547 7.516429 -0.021999197
87    4143      -10  2678.4 14.4 -12.8  42     0       1        0       0 8.329175  7.892975 6.936650  1.392524893
88    1336        8  4481.0 11.1  10.8  15     0       1        0       0 7.197435  8.407601 7.032207  0.165228349
89    1750       11 14932.1 15.9  -7.8  62     0       1        0       0 7.467371  9.611268 7.395309  0.072062445
90     912       15  2626.4 16.4   0.3  70     0       1        0       0 6.815640  7.873369 6.953911 -0.138271217
91    1892      -16  2659.5  8.6  -1.4 126     0       1        0       0 7.545390  7.885893 6.870149  0.675240983
92     833       19  1073.2 24.6  14.4  51     0       1        0       0 6.725034  6.978400 6.815177 -0.090143135
93    1142      -12  2577.3 15.4 -22.4  56     0       1        0       0 7.040536  7.854497 6.937906  0.102630629
94    1159       13  4293.8 16.9   2.6 107     0       1        0       0 7.055313  8.364927 7.085912 -0.030599107
95    1283       16 18164.0  7.2 -47.3  14     0       1        0       0 7.156956  9.807197 7.348680 -0.191723355
96    2109       42  9944.4 11.6 -42.2  23     0       1        0       0 7.653969  9.204765 7.242807  0.411162396
97    1039      -21 12719.0 26.4  43.4 264     0       1        0       0 6.946014  9.450852 7.471144 -0.525130384
98     992       42  1931.6 21.4  -9.2  52     0       1        0       0 6.899723  7.566104 6.930644 -0.030920781
99    1253        4  2993.2 19.2   1.9  74     0       1        0       0 7.133296  8.004098 7.018758  0.114537570
100    721        9  2127.2 15.1 -22.3 101     0       1        0       0 6.580639  7.662562 6.885196 -0.304556661
101   1351        4  4211.9  9.0 -18.0  -4     0       1        0       0 7.208601  8.345669 6.992860  0.215740709
102   1391       25  8489.6  9.4 -27.3  26     0       1        0       0 7.237778  9.046597 7.177594  0.060184610
103   1245       25 12222.8 19.0 -20.9  52     0       1        0       0 7.126891  9.411058 7.378387 -0.251496044
104   1550        0 11213.4  3.5 -55.4   6     0       1        0       0 7.346010  9.324864 7.183366  0.162643987
105   2150      -61  5869.6 22.1 -38.0  68     0       1        0       0 7.673223  8.677542 7.224303  0.448920330
106   1846       20  6193.8 10.9 -14.7   6     0       1        0       0 7.520776  8.731304 7.113230  0.407545910
107    573        8  3053.2 15.1  -3.8  31     0       1        0       0 6.350886  8.023946 6.978141 -0.627255114
108   6640        4  8946.0 10.2  87.6  34     0       1        0       0 8.800867  9.098962 7.199983  1.600884425
109    959       49  4045.2 17.3  -7.8  51     0       1        0       0 6.865891  8.305286 7.075033 -0.209142313
110    612       39  3618.9 33.3 -10.5  68     0       1        0       0 6.416732  8.193925 7.224820 -0.808087683
111   1820       69  1796.1 22.8  12.7 115     0       1        0       0 7.506592  7.493373 6.927550  0.579041338
112   1411        2  6703.1 11.1 -37.2  28     0       1        0       0 7.252054  8.810326 7.135784  0.116269352
113   1026        6  2170.3 12.4 134.6 162     0       1        0       0 6.933423  7.682621 6.860245  0.073177832
114   1287      -12  4674.0 20.9  84.2 -47     0       0        0       1 7.160069  8.449771 6.711382  0.448687031
115    800      162  3372.0  6.7  29.0  60     0       0        0       1 6.684612  8.123261 6.469052  0.215560194
116   1115       -9  8205.0  7.1  13.9  23     0       0        0       1 7.016610  9.012499 6.702217  0.314392849
117   1631       33  4617.0 11.8 227.0  75     0       0        0       1 7.396949  8.437500 6.606745  0.790203735
118   1910       23  6964.0 14.0   2.7  43     0       0        0       1 7.554859  8.848509 6.736987  0.817871684
119    996       -3  6623.0 10.1 -63.6  10     0       0        1       0 6.903747  8.798304 7.144476 -0.240728943
120    918      -35 29797.0  6.4 -95.0 -28     0       0        1       0 6.822197 10.302163 7.489995 -0.667797367
121   1261       21  5225.5 12.4 -54.9   1     0       0        1       0 7.139660  8.561306 7.109171  0.030489150
122   1053       -8  3639.0 17.6 -22.3   5     0       0        1       0 6.959399  8.199464 7.074097 -0.114698744
123   1221      -43 97649.9 15.1 -85.2  -7     0       0        1       0 7.107426 11.489144 7.892297 -0.784871085
124   1738       19 10743.6 23.6  11.5  36     0       0        1       0 7.460490  9.282065 7.419444  0.041046073
125   3142       15 10236.3 35.7  27.2 155     0       0        1       0 8.052615  9.233695 7.541940  0.510675320
126   1900       26 17802.7 23.2  -7.8 142     0       0        1       0 7.549609  9.787106 7.544876  0.004733565
127    427       21  6158.7 12.4 -17.7  95     0       0        1       0 6.056784  8.725621 7.151432 -1.094647574
128   1700        8  6775.2 44.4  37.7  61     0       0        1       0 7.438384  8.821024 7.532824 -0.094440883
129    360      103   298.7  2.1  23.1 302     0       0        1       0 5.886104  5.699440 6.258260 -0.372155804
130    459        9   785.3 18.4 -43.1   5     0       0        1       0 6.129050  6.666066 6.688642 -0.559591284
131   1340        5  1368.6 16.1  12.6 115     0       0        1       0 7.200425  7.221544 6.805857  0.394567765
132    729       25  2066.1 15.1  -8.4  52     0       0        1       0 6.591674  7.633418 6.900636 -0.308961975
133    223       -6   181.5 22.7  32.6 295     0       0        1       0 5.407172  5.201256 6.359857 -0.952685331
134   2101       25 10300.0 23.4  46.9  76     0       0        1       0 7.650169  9.239900 7.406369  0.243799785
135   1082       28 11232.0 25.7  -2.4 101     0       0        1       0 6.986567  9.326522 7.454297 -0.467730124
136   1781       31  5191.6 27.0 141.0  98     0       0        1       0 7.484931  8.554797 7.270313  0.214617804
137    791       18   976.7 19.9 -13.2  89     0       0        1       0 6.673298  6.884180 6.761466 -0.088168371
138   2092      -11  7671.5 43.7   8.5  80     0       0        1       0 7.645876  8.945268 7.556973  0.088903238
139   1573       10  6406.0 16.4 -11.5  87     0       0        1       0 7.360740  8.764991 7.206164  0.154575459
140   1045        9  2917.4 11.6 -98.9 203     0       0        1       0 6.951772  7.978448 6.950344  0.001428680
141   1694       12  3322.9 24.8  23.9 100     0       0        1       0 7.434848  8.108593 7.131019  0.303829006
142    453       20   175.2 26.2  35.6 418     0       0        1       0 6.115892  5.165928 6.389802 -0.273910316
143   1130        1  1686.3 44.5   3.4  99     0       0        1       0 7.029973  7.430292 7.176255 -0.146281853
144   1334       13   514.1 22.3  62.4 358     0       0        1       0 7.195937  6.242418 6.623175  0.572762543
145   1344       13  3032.7 22.3  62.4  36     0       0        1       0 7.203405  8.017208 7.079636  0.123769361
146   1585        5  4686.9 35.1   2.2 111     0       0        1       0 7.368340  8.452527 7.334339  0.034000721
147   1946       45  8388.1 13.1   5.9  88     0       0        1       0 7.573531  9.034570 7.238697  0.334834184
148   1619        9  7632.8 11.0  22.6  32     0       0        1       0 7.389564  8.940210 7.191010  0.198554203
149   1620       12 17453.8 19.4 -12.8 128     0       0        1       0 7.390182  9.767313 7.497408 -0.107226942
150    967      -27  5781.1 28.5 -11.0 119     0       0        1       0 6.874198  8.662350 7.314702 -0.440503518
151   1431        0  6896.2 43.9   3.5 110     0       0        1       0 7.266129  8.838726 7.531801 -0.265672406
152   1231        9  6503.1 26.8  19.8  84     0       0        1       0 7.115582  8.780034 7.326011 -0.210429432
153    770       -4  2715.6 15.7  -2.5  63     0       0        1       0 6.646390  7.906768 6.977630 -0.331239854
154   1594       53  2761.9 15.0  27.8  85     0       0        1       0 7.374002  7.923674 6.974172  0.399829880
155   1568       47  5181.4 28.2 -19.1  55     0       0        1       0 7.357556  8.552831 7.283189  0.074367288
156    995       15  1323.0 15.4  74.6 195     0       0        1       0 6.902743  7.187657 6.789335  0.113407498
157   1077      -16  5296.0 20.0  27.5  36     0       0        1       0 6.981935  8.574707 7.197371 -0.215436582
158   1161        9  7177.0 42.2  -2.8  68     0       0        1       0 7.057037  8.878636 7.523108 -0.466071171
159   1401        1 12183.5 19.6  -2.1  93     0       0        1       0 7.244942  9.407838 7.407185 -0.162243094
160   1127        4  7863.5 16.2  26.0 152     0       0        1       0 7.027315  8.969987 7.256657 -0.229342556
161   3068      -14  3825.6 21.5 -27.6 142     0       0        1       0 8.028781  8.249471 7.130451  0.898330282
162    730        7  1110.6 29.5  20.5  60     0       0        1       0 6.593045  7.012656 6.901566 -0.308521280
163    729      -10  1391.3 22.6 -17.2  32     0       0        1       0 6.591674  7.237994 6.882574 -0.290900201
164  11233       17  6047.9 22.9   9.9  74     0       0        1       0 9.326612  8.707466 7.263856  2.062755783
165    949      -11 18908.0 13.0 -46.7  -3     0       0        1       0 6.855409  9.847341 7.446620 -0.591211068
166   3646      -11  3921.5  7.8 -64.2  29     0       0        1       0 8.201385  8.274229 6.984039  1.217346143
167   1502      212  3453.8 48.1  35.1  28     0       0        1       0 7.314553  8.147230 7.400792 -0.086238911
168    807       10  1558.5 18.0  -1.0  49     0       0        1       0 6.693324  7.351479 6.860463 -0.167139888
169    713        8   962.8 18.0   7.6  81     0       0        1       0 6.569481  6.869846 6.736591 -0.167110049
170   1489        0 25848.0 21.7 380.6 114     0       0        1       0 7.305860 10.159988 7.624050 -0.318190343
171    736       73   631.5 21.3  60.8  71     0       0        1       0 6.601230  6.448098 6.664922 -0.063691891
172   1226       53  1728.9 26.9  -7.1  84     0       0        1       0 7.111512  7.455241 6.986401  0.125111490
173    543      112  2669.3 30.5  24.9 323     0       0        1       0 6.297109  7.889572 7.138253 -0.841144194
174  14822        1  2159.2 19.4 -37.3  17     0       0        1       0 9.603868  7.677493 6.959924  2.643943469
175    890      -18  2612.6 15.6 -49.0 -14     0       0        1       0 6.791222  7.868101 6.966570 -0.175348620
176   1627        6  8270.3 19.4  -3.7 104     0       0        1       0 7.394493  9.020426 7.305315  0.089177841
177   2408       28 44323.0 29.1   9.8 160     0       0        1       0 7.786552 10.699259 7.845269 -0.058717255
178   2248        6   764.7 40.8  44.4 191     0       0        1       0 7.717796  6.639483 6.931604  0.786192379
179    787       20  5167.5 13.7  -4.0  34     0       0        0       1 6.668228  8.550144 6.656905  0.011323597
180    474       -5  2159.3 11.1 -58.2  16     0       0        0       1 6.161207  7.677539 6.403483 -0.242276056
181    439        7  2617.1 10.8 -16.1  65     0       0        0       1 6.084499  7.869822 6.449591 -0.365091886
182    465       11  2367.7  5.1 -25.0  43     0       0        0       1 6.142037  7.769674 6.360269 -0.218231721
183    594       33  2744.0 12.3 -12.2  76     0       0        0       1 6.386879  7.917172 6.478497 -0.091617433
184    688       -6  2357.9  7.4  -9.7  33     0       0        0       1 6.533789  7.765527 6.384851  0.148937257
185    607       12  5262.0  6.2 -94.8  59     0       0        0       1 6.408529  8.568267 6.577927 -0.169398643
186    634       44  5738.9 12.7  -7.0  38     0       0        0       1 6.452049  8.655023 6.672727 -0.220677891
187    532        2  2714.9 10.6 -21.2  35     0       0        0       1 6.276643  7.906510 6.456797 -0.180153556
188    441       39  3306.7  7.4  13.0 150     0       0        0       1 6.089045  8.103706 6.471828 -0.382783374
189    694       18  3532.5 12.6 -13.8  37     0       0        0       1 6.542472  8.169761 6.546806 -0.004334258
190    520       -6  3681.5 12.8  -7.7  64     0       0        0       1 6.253829  8.211076 6.559662 -0.305833386
191    757       12  3982.1  2.9  45.4 197     0       0        0       1 6.629363  8.289565 6.469447  0.159916173
192    668       30  2996.0 13.5  -3.3  81     0       0        0       1 6.504288  8.005033 6.514476 -0.010188038
193    803       18  4178.6 10.7 -29.9  52     0       0        0       1 6.688354  8.337731 6.568818  0.119536009
194    500        3  2616.3 11.9  -1.3  25     0       0        0       1 6.214608  7.869516 6.461780 -0.247171357
195    552       -5  2064.5 12.9 -16.8  37     0       0        0       1 6.313548  7.632643 6.412009 -0.098461391
196    412       -5  2225.5 10.1 -27.4  13     0       0        0       1 6.021023  7.707737 6.400098 -0.379074812
197   1100       58  9470.1  7.3  76.6  82     0       0        0       1 7.003066  9.155894 6.741327  0.261738295
198    959       26  3783.2 14.6   5.0  65     0       0        0       1 6.865891  8.238325 6.586744  0.279147139
199    333       34  2388.7 13.8   6.5  59     0       0        0       1 5.808143  7.778504 6.459560 -0.651417679
200    503      -19  3705.2  8.9 -96.8  29     0       0        0       1 6.220590  8.217492 6.517821 -0.297230677
201    448       -8  1411.7 14.0 -33.5  14     0       0        0       1 6.104793  7.252550 6.326520 -0.221726528
202    732        7  4800.1 12.9 -11.2  36     0       0        0       1 6.595780  8.476392 6.629015 -0.033234271
203    720        8  1771.9 14.5  13.6  78     0       0        0       1 6.579251  7.479808 6.390544  0.188707005
204    808      -16  7198.5 14.7   7.4  49     0       0        0       1 6.694562  8.881628 6.753311 -0.058749248
205    930       10  1509.1  9.0  20.5 131     0       0        0       1 6.835185  7.319269 6.287920  0.547264245
206    525        3  1097.1 15.5  20.1  72     0       0        0       1 6.263398  7.000426 6.278403 -0.015004760
207    658       32  4542.6 12.1  -7.8  68     0       0        0       1 6.489205  8.421255 6.605913 -0.116707671
208    555        6  2023.0 13.7 -14.6  60     0       0        0       1 6.318968  7.612337 6.415708 -0.096739897
209    626        0  1442.5 14.4 -10.2  62     0       0        0       1 6.439351  7.274133 6.336531  0.102819320

Call:
lm(formula = lsalary ~ lsales + roe + finance + consprod + utility, 
    data = CEOSAL1)

Residuals:
     Min       1Q   Median       3Q      Max 
-1.09465 -0.22173 -0.01973  0.17141  2.64394 

Coefficients:
            Estimate Std. Error t value Pr(>|t|)    
(Intercept)  4.58810    0.29502  15.552  < 2e-16 ***
lsales       0.25719    0.03204   8.029 7.85e-14 ***
roe          0.01115    0.00430   2.594   0.0102 *  
finance      0.15796    0.08900   1.775   0.0774 .  
consprod     0.18089    0.08477   2.134   0.0340 *  
utility     -0.28300    0.09923  -2.852   0.0048 ** 
---
Signif. codes:  0 ‘***’ 0.001 ‘**’ 0.01 ‘*’ 0.05 ‘.’ 0.1 ‘ ’ 1

Residual standard error: 0.4598 on 203 degrees of freedom
Multiple R-squared:  0.3569,	Adjusted R-squared:  0.341 
F-statistic: 22.53 on 5 and 203 DF,  p-value: < 2.2e-16

Linear hypothesis test

Hypothesis:
finance - consprod = 0

Model 1: restricted model
Model 2: lsalary ~ lsales + roe + finance + consprod + utility

  Res.Df    RSS Df Sum of Sq      F Pr(>F)
1    204 42.923                           
2    203 42.911  1  0.011862 0.0561  0.813
